GRAPHITE
ENCUT = 300
EDIFF = 0.0000001

ISIF = 3
IBRION = 2
EDIFFG = 0.000001
NSW = 99
ISMEAR = -5

